colormap.map

# Qwerty

 0  0  0  1
 0  0  0  0
 0  0  0  0
 0  0  0  0
 0  0  0  0
 0  0  0  0
 0  0  0  0
 0  0  0  0

 0  0  0  0
 0  0  0  0
 0  0  0  0
 0  0  0  0
 0  0  0  0
 0  0  0  0
 0  0  0  0
 0  0  0  0

 # Colemak

 0  0  0  2
 0  0  0  0
 0  0  0  0
 0  0  0  0
 0  0  0  0
 0  0  0  0
 0  0  0  0
 0  0  0  0

 0  0  0  0
 0  0  0  0
 0  0  0  0
 0  0  0  0
 0  0  0  0
 0  0  0  0
 8  8  5  0
 0  0  0  0

# Game

 0  0  0  3
 0  0  8  0
 0  8  8  0
 0  0  8  0
 0  0  0  0
 0  0  0  0
 5  8  8  0
 0  0  0  0

 0  0  0  0
 0  0  8  0
 0  0  8  8
 0  0  8  0
 0  0  0  0
 0  0  0  0
 0  0  0  0
 0  0  0  0

# Arw Game

 0  0  0  4
 0  0  8  0
 0  8  8  0
 0  0  8  0
 0  0  0  0
 0  0  0  0
 5  8  8  0
 0  0  0  0

 0  0  0  0
 0  0  0  0
 0  0  0  0
 0  0  0  0
 0  0  0  0
 0  0  0  0
 0  0  0  0
 0  0  0  0

# Function

 0  0  0  0
 7  4  4  4
 4  4  4  7
 7  3  5  8
 8  5  3  7
 7  4  4  4
 5  8  0  0
 0  0  0  0

 0  0  0  3
 0  9  8  5
 2  2  2  7
 7  6  1  2
 2  1  1  7
 7  6  1  2
 4  0  6  7
 7  7  9  4

 # Numpad

 0  0  0  0
 0  0  0  0
 0  0  0  0
 0  0  6  0
 0  6  0  0
 0  0  0  0
 0  0  0  0
 0  0  0  0

 0  0  0  0
 0  0  0  0
 2  8  2  0
 0  8  8  8
 8  8  8  0
 0  8  8  8
 2  2  2  2
 0  2  2  1

 # Laysel

 0  0  0  0
 0  1  0  0
 0  0  2  0
 0  3  0  0
 0  0  4  0
 0  0  0  0
 0  0  0  0
 0  0  0  0

 0  0  0  0
 0  0  0  0
 0  0  0  0
 0  0  1  0
 0  1  0  0
 0  0  1  0
 0  0  0  0
 0  0  0  0
